device_size: 0.05
switch:
  s_left_flipper:
    size: 0.05
    x: 0.05374823196605375
    y: 0.8528995756718529
  s_right_flipper:
    size: 0.05
    x: 0.8231966053748232
    y: 0.8528995756718529
